instanceID	dataIDs	label_set	non_label
0_record_nn	mag_1979_485611.txt-260-19,nf_1857_767292.txt-2345-1	1,2,3,4	-
1_record_nn	mag_2002_385360.txt-30-3,fic_1981_14064.txt-702-12	1,2,3,4	-
2_record_nn	mag_1985_329280.txt-12-4,nf_2007_776449.txt-6-9	1,2,3,4	-
3_record_nn	mag_1992_423150.txt-30-24,news_1981_670937.txt-48-7	1,2,3,4	-
4_record_nn	mag_1992_423150.txt-30-24,mag_1859_591206.txt-213-18	1,2,3,4	-
5_record_nn	mag_1998_399430.txt-31-10,mag_1987_88962.txt-50-28	1,2,3,4	-
6_record_nn	mag_2006_112391.txt-44-14,mag_2002_385360.txt-30-3	1,2,3,4	-
7_record_nn	fic_1824_7037.txt-90-10,nf_1841_762742.txt-3083-15	1,2,3,4	-
8_record_nn	news_1981_670937.txt-48-7,mag_1961_205956.txt-13-6	1,2,3,4	-
9_record_nn	fic_1849_7230.txt-1532-38,nf_1857_767292.txt-2345-1	1,2,3,4	-
10_record_nn	mag_2006_112391.txt-44-14,fic_1995_39281.txt-144-16	1,2,3,4	-
11_record_nn	news_2003_628509.txt-80-6,fic_1827_7169.txt-0-35	1,2,3,4	-
12_record_nn	mag_1979_485611.txt-260-19,mag_1992_423150.txt-30-24	1,2,3,4	-
13_record_nn	mag_1971_282685.txt-6-3,news_1981_670937.txt-48-7	1,2,3,4	-
14_record_nn	mag_1977_287660.txt-20-8,nf_1848_747434.txt-2817-30	1,2,3,4	-
15_record_nn	fic_1860_1171.txt-1939-20,mag_2002_385360.txt-30-3	1,2,3,4	-
16_record_nn	fic_2000_52612.txt-32-51,news_2000_621987.txt-16-1	1,2,3,4	-
17_record_nn	mag_1859_591206.txt-213-18,news_1978_733514.txt-23-7	1,2,3,4	-
18_record_nn	mag_1977_287660.txt-20-8,news_2006_604898.txt-32-11	1,2,3,4	-
19_record_nn	mag_1987_88962.txt-50-28,fic_1860_1171.txt-1939-20	1,2,3,4	-
20_record_nn	mag_1859_591206.txt-213-18,nf_1992_773879.txt-884-9	1,2,3,4	-
21_record_nn	news_1969_727946.txt-19-10,news_1981_670933.txt-32-25	1,2,3,4	-
22_record_nn	fic_1844_800.txt-888-18,mag_1975_107266.txt-40-12	1,2,3,4	-
23_record_nn	mag_1998_399430.txt-31-10,nf_1848_747434.txt-2817-30	1,2,3,4	-
24_record_nn	mag_1961_205956.txt-13-6,mag_1979_485611.txt-260-19	1,2,3,4	-
25_record_nn	nf_1848_747434.txt-2817-30,mag_1859_591206.txt-213-18	1,2,3,4	-
26_record_nn	fic_1860_1171.txt-1939-20,mag_1992_423150.txt-30-24	1,2,3,4	-
27_record_nn	fic_1850_7304.txt-363-30,mag_2002_421280.txt-35-1	1,2,3,4	-
28_record_nn	nf_1992_773879.txt-884-9,mag_1998_399430.txt-31-10	1,2,3,4	-
29_record_nn	mag_2006_398617.txt-90-13,mag_1977_287660.txt-20-8	1,2,3,4	-
30_record_nn	mag_1846_565552.txt-221-22,mag_1975_107266.txt-40-12	1,2,3,4	-
31_record_nn	fic_1981_14064.txt-702-12,news_1963_723497.txt-47-2	1,2,3,4	-
32_record_nn	mag_2002_385360.txt-30-3,news_2006_604898.txt-32-11	1,2,3,4	-
33_record_nn	fic_1823_7242.txt-7902-41,mag_2007_387692.txt-129-27	1,2,3,4	-
34_record_nn	nf_1848_747434.txt-2817-30,news_1968_726910.txt-21-6	1,2,3,4	-
35_record_nn	fic_1860_1171.txt-1939-20,fic_1849_7230.txt-1532-38	1,2,3,4	-
36_record_nn	nf_1826_747833.txt-780-2,mag_1987_88962.txt-50-28	1,2,3,4	-
37_record_nn	nf_1848_747434.txt-2817-30,mag_1962_311690.txt-9-8	1,2,3,4	-
38_record_nn	news_1963_723497.txt-47-2,nf_1992_773879.txt-884-9	1,2,3,4	-
39_record_nn	mag_1859_591206.txt-213-18,news_1981_670937.txt-48-7	1,2,3,4	-
40_record_nn	mag_1859_591206.txt-213-18,fic_1860_1171.txt-1939-20	1,2,3,4	-
41_record_nn	nf_1816_747562.txt-1827-6,fic_1856_1552.txt-2858-25	1,2,3,4	-
42_record_nn	nf_1857_767292.txt-2345-1,mag_2006_112391.txt-44-14	1,2,3,4	-
43_record_nn	news_1978_733514.txt-23-7,news_1963_723497.txt-47-2	1,2,3,4	-
44_record_nn	mag_1962_311690.txt-9-8,mag_1981_127085.txt-95-12	1,2,3,4	-
45_record_nn	news_1978_733514.txt-23-7,mag_1981_127085.txt-95-12	1,2,3,4	-
46_record_nn	mag_1992_423150.txt-30-24,mag_2002_421280.txt-35-1	1,2,3,4	-
47_record_nn	nf_1992_773879.txt-884-9,news_2006_604898.txt-32-11	1,2,3,4	-
48_record_nn	mag_1981_127085.txt-95-12,nf_1992_773879.txt-884-9	1,2,3,4	-
49_record_nn	fic_1835_7353.txt-1855-15,fic_1845_7295.txt-6579-25	1,2,3,4	-
50_record_nn	mag_1979_485611.txt-260-19,nf_1992_773879.txt-884-9	1,2,3,4	-
51_record_nn	news_1977_733003.txt-37-85,mag_1993_425262.txt-91-9	1,2,3,4	-
52_record_nn	mag_1971_282685.txt-6-3,news_1978_733514.txt-23-7	1,2,3,4	-
53_record_nn	news_1968_726910.txt-21-6,mag_1977_287660.txt-20-8	1,2,3,4	-
54_record_nn	fic_1975_10600.txt-4362-31,mag_1986_332059.txt-18-12	1,2,3,4	-
55_record_nn	mag_2004_415362.txt-103-15,news_1989_668984.txt-52-13	1,2,3,4	-
56_record_nn	news_2006_604898.txt-32-11,news_1978_733514.txt-23-7	1,2,3,4	-
57_record_nn	mag_1846_565552.txt-221-22,nf_1848_754767.txt-7-9	1,2,3,4	-
58_record_nn	mag_2006_112391.txt-44-14,mag_1859_591206.txt-213-18	1,2,3,4	-
59_record_nn	mag_1979_485611.txt-260-19,nf_1848_747434.txt-2817-30	1,2,3,4	-
60_record_nn	mag_1987_88962.txt-50-28,fic_1981_14064.txt-702-12	1,2,3,4	-
61_record_nn	fic_1845_7295.txt-6579-25,mag_1981_432041.txt-98-3	1,2,3,4	-
62_record_nn	mag_1846_565552.txt-221-22,news_1988_668892.txt-4-9	1,2,3,4	-
63_record_nn	news_1981_670937.txt-48-7,fic_1860_1171.txt-1939-20	1,2,3,4	-
64_record_nn	mag_2006_398617.txt-90-13,news_1978_733514.txt-23-7	1,2,3,4	-
65_record_nn	mag_1998_399430.txt-31-10,mag_1859_591206.txt-213-18	1,2,3,4	-
66_record_nn	mag_2006_112391.txt-44-14,mag_1979_485611.txt-260-19	1,2,3,4	-
67_record_nn	nf_1836_748113.txt-721-23,fic_1856_1552.txt-2858-25	1,2,3,4	-
68_record_nn	mag_1972_251592.txt-6-21,fic_1827_7169.txt-0-35	1,2,3,4	-
69_record_nn	news_2006_604898.txt-32-11,fic_1995_39281.txt-144-16	1,2,3,4	-
70_record_nn	news_1963_723497.txt-47-2,mag_1979_485611.txt-260-19	1,2,3,4	-
71_record_nn	mag_1981_432041.txt-98-3,fic_1856_1552.txt-2858-25	1,2,3,4	-
72_record_nn	mag_2006_112391.txt-44-14,mag_1998_399430.txt-31-10	1,2,3,4	-
73_record_nn	fic_1849_7230.txt-1532-38,nf_1848_747434.txt-2817-30	1,2,3,4	-
74_record_nn	mag_2002_421280.txt-35-1,news_1963_723497.txt-47-2	1,2,3,4	-
75_record_nn	mag_1962_311690.txt-9-8,fic_1981_14064.txt-702-12	1,2,3,4	-
76_record_nn	mag_2000_403677.txt-77-3,nf_1856_769137.txt-638-6	1,2,3,4	-
77_record_nn	nf_1857_767292.txt-2345-1,news_2006_604898.txt-32-11	1,2,3,4	-
78_record_nn	mag_1992_423150.txt-30-24,mag_1962_311690.txt-9-8	1,2,3,4	-
79_record_nn	fic_1975_10600.txt-4362-31,fic_1851_746.txt-3971-10	1,2,3,4	-
80_record_nn	news_1978_733514.txt-23-7,mag_1987_88962.txt-50-28	1,2,3,4	-
81_record_nn	mag_1977_287660.txt-20-8,mag_1992_423150.txt-30-24	1,2,3,4	-
82_record_nn	mag_1859_591206.txt-213-18,mag_2002_385360.txt-30-3	1,2,3,4	-
83_record_nn	mag_1979_485611.txt-260-19,mag_2006_398617.txt-90-13	1,2,3,4	-
84_record_nn	mag_1981_127085.txt-95-12,mag_2006_112391.txt-44-14	1,2,3,4	-
85_record_nn	fic_2001_31378.txt-80-16,nf_1856_769137.txt-638-6	1,2,3,4	-
86_record_nn	mag_1979_485611.txt-260-19,news_2006_604898.txt-32-11	1,2,3,4	-
87_record_nn	mag_1987_88962.txt-50-28,mag_1977_287660.txt-20-8	1,2,3,4	-
88_record_nn	fic_1981_14064.txt-702-12,fic_1995_39281.txt-144-16	1,2,3,4	-
89_record_nn	news_2006_604898.txt-32-11,mag_1859_591206.txt-213-18	1,2,3,4	-
90_record_nn	nf_1992_773879.txt-884-9,mag_1971_282685.txt-6-3	1,2,3,4	-
91_record_nn	mag_1998_399430.txt-31-10,news_1981_670937.txt-48-7	1,2,3,4	-
92_record_nn	mag_1993_425262.txt-91-9,mag_1856_556222.txt-192-9	1,2,3,4	-
93_record_nn	fic_1981_14064.txt-702-12,nf_1848_747434.txt-2817-30	1,2,3,4	-
94_record_nn	mag_2006_398617.txt-90-13,mag_1992_423150.txt-30-24	1,2,3,4	-
95_record_nn	fic_1844_800.txt-888-18,news_1989_668984.txt-52-13	1,2,3,4	-
96_record_nn	news_1963_723497.txt-47-2,nf_1857_767292.txt-2345-1	1,2,3,4	-
97_record_nn	fic_1995_39281.txt-144-16,nf_1848_747434.txt-2817-30	1,2,3,4	-
98_record_nn	news_1981_670937.txt-48-7,mag_1979_485611.txt-260-19	1,2,3,4	-
99_record_nn	fic_1860_1171.txt-1939-20,mag_1961_205956.txt-13-6	1,2,3,4	-
100_record_nn	fic_1849_7230.txt-1532-38,mag_1971_282685.txt-6-3	1,2,3,4	-
101_record_nn	fic_1995_39281.txt-144-16,mag_1979_485611.txt-260-19	1,2,3,4	-
102_record_nn	mag_1992_423150.txt-30-24,mag_1961_205956.txt-13-6	1,2,3,4	-
103_record_nn	nf_1992_773879.txt-884-9,mag_2006_112391.txt-44-14	1,2,3,4	-
104_record_nn	mag_1961_205956.txt-13-6,mag_2006_398617.txt-90-13	1,2,3,4	-
105_record_nn	mag_1961_205956.txt-13-6,nf_1848_747434.txt-2817-30	1,2,3,4	-
106_record_nn	news_1968_726910.txt-21-6,mag_2006_112391.txt-44-14	1,2,3,4	-
107_record_nn	mag_1987_88962.txt-50-28,mag_1992_423150.txt-30-24	1,2,3,4	-
108_record_nn	mag_1961_205956.txt-13-6,mag_1962_311690.txt-9-8	1,2,3,4	-
109_record_nn	news_1963_723497.txt-47-2,news_2006_604898.txt-32-11	1,2,3,4	-
110_record_nn	mag_2002_385360.txt-30-3,mag_1981_127085.txt-95-12	1,2,3,4	-
111_record_nn	fic_1860_1171.txt-1939-20,news_1963_723497.txt-47-2	1,2,3,4	-
112_record_nn	mag_1984_432205.txt-64-8,nf_1836_748113.txt-721-23	1,2,3,4	-
113_record_nn	news_2006_604898.txt-32-11,fic_1860_1171.txt-1939-20	1,2,3,4	-
114_record_nn	mag_1962_311690.txt-9-8,mag_1987_88962.txt-50-28	1,2,3,4	-
115_record_nn	fic_1850_7304.txt-363-30,mag_2002_385360.txt-30-3	1,2,3,4	-
116_record_nn	mag_1979_485611.txt-260-19,mag_1986_332059.txt-18-12	1,2,3,4	-
117_record_nn	mag_1992_423150.txt-30-24,mag_2004_415362.txt-103-15	1,2,3,4	-
118_record_nn	nf_1849_749269.txt-1658-33,mag_1991_343958.txt-7-19	1,2,3,4	-
119_record_nn	nf_1848_747434.txt-2817-30,mag_2002_385360.txt-30-3	1,2,3,4	-
120_record_nn	mag_2000_403677.txt-77-3,fic_1827_7169.txt-0-35	1,2,3,4	-
121_record_nn	fic_1995_39281.txt-144-16,nf_1826_747833.txt-780-2	1,2,3,4	-
122_record_nn	fic_1850_7304.txt-6758-1,fic_1975_648.txt-1673-20	1,2,3,4	-
123_record_nn	nf_1992_773879.txt-884-9,mag_1961_205956.txt-13-6	1,2,3,4	-
124_record_nn	news_1976_732667.txt-19-21,nf_1847_747756.txt-405-45	1,2,3,4	-
125_record_nn	nf_1834_747634.txt-366-9,mag_1850_525567.txt-96-26	1,2,3,4	-
126_record_nn	news_2000_603035.txt-83-8,mag_1965_97767.txt-80-15	1,2,3,4	-
127_record_nn	mag_2002_421280.txt-35-1,mag_1962_311690.txt-9-8	1,2,3,4	-
128_record_nn	news_1981_670937.txt-48-7,mag_1987_88962.txt-50-28	1,2,3,4	-
129_record_nn	fic_1860_1171.txt-1939-20,mag_2002_421280.txt-35-1	1,2,3,4	-
130_record_nn	mag_1962_311690.txt-9-8,mag_1998_399430.txt-31-10	1,2,3,4	-
131_record_nn	nf_1848_747434.txt-2817-30,nf_1992_773879.txt-884-9	1,2,3,4	-
132_record_nn	mag_1846_565552.txt-221-22,news_1969_727946.txt-19-10	1,2,3,4	-
133_record_nn	nf_1848_747434.txt-2817-30,fic_1860_1171.txt-1939-20	1,2,3,4	-
134_record_nn	fic_1995_39281.txt-144-16,mag_2006_398617.txt-90-13	1,2,3,4	-
135_record_nn	mag_1961_205956.txt-13-6,nf_1857_767292.txt-2345-1	1,2,3,4	-
136_record_nn	nf_1848_747434.txt-2817-30,mag_1971_282685.txt-6-3	1,2,3,4	-
137_record_nn	fic_1844_800.txt-888-18,nf_1855_748146.txt-649-12	1,2,3,4	-
138_record_nn	mag_1972_314265.txt-13-24,fic_2005_31686.txt-155-7	1,2,3,4	-
139_record_nn	fic_1981_14064.txt-702-12,nf_1826_747833.txt-780-2	1,2,3,4	-
140_record_nn	fic_1834_7029.txt-401-36,nf_1856_769137.txt-638-6	1,2,3,4	-
141_record_nn	nf_1836_747485.txt-200-19,mag_1851_555704.txt-569-35	1,2,3,4	-
142_record_nn	mag_1847_555441.txt-301-6,mag_1991_343958.txt-7-19	1,2,3,4	-
143_record_nn	nf_1855_748146.txt-649-12,fic_1844_800.txt-888-18	1,2,3,4	-
144_record_nn	news_2000_603035.txt-83-8,fic_1856_1552.txt-2858-25	1,2,3,4	-
145_record_nn	mag_2006_112391.txt-44-14,mag_1979_480129.txt-233-1	1,2,3,4	-
146_record_nn	fic_1850_7304.txt-363-30,fic_1827_7169.txt-0-35	1,2,3,4	-
147_record_nn	news_1989_668984.txt-52-13,fic_1844_800.txt-888-18	1,2,3,4	-
148_record_nn	fic_1852_2751.txt-6158-10,nf_1831_764842.txt-1011-24	1,2,3,4	-
149_record_nn	mag_1859_506499.txt-286-1,fic_1975_10600.txt-4362-31	1,2,3,4	-
150_record_nn	fic_1847_8247.txt-501-4,mag_1980_485877.txt-172-10	1,2,3,4	-
151_record_nn	nf_1841_772625.txt-1562-5,nf_1834_747634.txt-366-9	1,2,3,4	-
152_record_nn	nf_1848_747434.txt-2817-30,news_1979_734499.txt-40-2	1,2,3,4	-
153_record_nn	mag_1851_566050.txt-189-18,nf_1834_747634.txt-366-9	1,2,3,4	-
154_record_nn	mag_1860_567273.txt-29-16,fic_1844_800.txt-888-18	1,2,3,4	-
155_record_nn	mag_1992_423150.txt-30-24,fic_1856_1552.txt-2858-25	1,2,3,4	-
156_record_nn	fic_1852_2477.txt-1596-30,fic_1827_7169.txt-0-35	1,2,3,4	-
157_record_nn	mag_1981_127085.txt-95-12,fic_1975_10600.txt-4362-31	1,2,3,4	-
158_record_nn	news_1999_653851.txt-73-20,nf_1856_769137.txt-638-6	1,2,3,4	-
159_record_nn	news_1981_670933.txt-32-25,fic_1975_10600.txt-4362-31	1,2,3,4	-
160_record_nn	mag_1975_479699.txt-100-4,fic_1827_7169.txt-0-35	1,2,3,4	-
161_record_nn	nf_1856_769137.txt-638-6,nf_1831_764842.txt-1011-24	1,2,3,4	-
162_record_nn	fic_2006_27875.txt-0-48,nf_1834_747634.txt-366-9	1,2,3,4	-
163_record_nn	nf_2007_776449.txt-6-9,news_1979_734499.txt-40-2	1,2,3,4	-
164_record_nn	mag_1856_556222.txt-23-13,fic_1856_1552.txt-2858-25	1,2,3,4	-
165_record_nn	mag_1856_556222.txt-19-23,nf_1834_747634.txt-366-9	1,2,3,4	-
166_record_nn	fic_1849_9494.txt-738-28,nf_1849_749269.txt-1658-33	1,2,3,4	-
167_record_nn	fic_2000_52612.txt-32-51,fic_1844_800.txt-888-18	1,2,3,4	-
168_record_nn	mag_1843_555146.txt-1-40,mag_1981_432041.txt-98-3	1,2,3,4	-
169_record_nn	news_1978_733754.txt-20-24,nf_1831_764842.txt-1011-24	1,2,3,4	-
170_record_nn	mag_1980_491486.txt-126-9,fic_1856_1552.txt-2858-25	1,2,3,4	-
171_record_nn	fic_1975_648.txt-1673-20,mag_1979_480129.txt-233-1	1,2,3,4	-
172_record_nn	mag_1856_566665.txt-22-10,fic_1848_7193.txt-7829-13	1,2,3,4	-
173_record_nn	mag_1986_332059.txt-18-12,fic_1975_10600.txt-4362-31	1,2,3,4	-
174_record_nn	fic_1842_7206.txt-1531-5,nf_1849_749269.txt-1658-33	1,2,3,4	-
175_record_nn	mag_1971_282685.txt-6-3,fic_1975_10600.txt-4362-31	1,2,3,4	-
176_record_nn	news_1980_734633.txt-45-8,mag_1846_565552.txt-221-22	1,2,3,4	-
177_record_nn	nf_1849_749269.txt-358-17,nf_1831_764842.txt-1011-24	1,2,3,4	-
178_record_nn	mag_1977_287660.txt-20-8,fic_1856_1552.txt-2858-25	1,2,3,4	-
179_record_nn	news_2007_637912.txt-36-21,fic_1975_10600.txt-4362-31	1,2,3,4	-
180_record_nn	fic_2005_31686.txt-155-7,nf_1836_748113.txt-721-23	1,2,3,4	-
181_record_nn	mag_1822_553400.txt-306-15,nf_1836_748113.txt-721-23	1,2,3,4	-
182_record_nn	mag_1985_329280.txt-12-4,mag_1980_485877.txt-172-10	1,2,3,4	-
183_record_nn	fic_1844_800.txt-888-18,nf_1856_769137.txt-638-6	1,2,3,4	-
184_record_nn	nf_1826_747833.txt-780-2,nf_1856_769137.txt-638-6	1,2,3,4	-
185_record_nn	nf_2007_776449.txt-6-9,fic_1852_2477.txt-1596-30	1,2,3,4	-
186_record_nn	mag_1850_555639.txt-481-56,nf_1856_769137.txt-638-6	1,2,3,4	-
187_record_nn	news_1977_733003.txt-37-85,news_1979_734499.txt-40-2	1,2,3,4	-
188_record_nn	fic_2006_27859.txt-63-2,fic_1975_10600.txt-4362-31	1,2,3,4	-
189_record_nn	mag_1850_555679.txt-136-42,nf_1836_748113.txt-721-23	1,2,3,4	-
190_record_nn	news_1997_602155.txt-31-13,nf_1831_764842.txt-1011-24	1,2,3,4	-
191_record_nn	mag_1977_287554.txt-21-8,nf_1836_748113.txt-721-23	1,2,3,4	-
192_record_nn	fic_1860_616.txt-252-3,nf_1849_749269.txt-1658-33	1,2,3,4	-
193_record_nn	fic_1827_9760.txt-222-10,fic_1827_7169.txt-0-35	1,2,3,4	-
194_record_nn	nf_1844_749098.txt-120-5,nf_1831_764842.txt-1011-24	1,2,3,4	-
195_record_nn	nf_1843_747650.txt-1611-58,fic_1827_7169.txt-0-35	1,2,3,4	-
196_record_nn	fic_1835_7353.txt-1855-15,mag_1980_485877.txt-172-10	1,2,3,4	-
197_record_nn	mag_1847_555505.txt-249-36,mag_1981_432041.txt-98-3	1,2,3,4	-
198_record_nn	mag_1858_556623.txt-177-11,nf_1834_747634.txt-366-9	1,2,3,4	-
199_record_nn	nf_1836_747485.txt-200-19,mag_1979_480129.txt-233-1	1,2,3,4	-
200_record_nn	nf_1834_747634.txt-366-9,mag_2000_403677.txt-77-3	1,2,3,4	-
201_record_nn	mag_1840_554815.txt-131-47,mag_1980_485877.txt-172-10	1,2,3,4	-
202_record_nn	mag_1960_243020.txt-16-7,mag_1846_565552.txt-221-22	1,2,3,4	-
203_record_nn	mag_1845_555338.txt-132-5,fic_1827_7169.txt-0-35	1,2,3,4	-
204_record_nn	fic_1835_7014.txt-2826-15,news_1979_734499.txt-40-2	1,2,3,4	-
205_record_nn	mag_1981_494150.txt-48-14,nf_1831_764842.txt-1011-24	1,2,3,4	-
206_record_nn	mag_2002_385360.txt-30-3,nf_1831_764842.txt-1011-24	1,2,3,4	-
207_record_nn	news_1988_668892.txt-4-9,mag_1846_565552.txt-221-22	1,2,3,4	-
208_record_nn	fic_1981_14064.txt-702-12,fic_1827_7169.txt-0-35	1,2,3,4	-
209_record_nn	mag_2000_369006.txt-22-19,mag_1846_565552.txt-221-22	1,2,3,4	-
210_record_nn	mag_1847_555441.txt-301-6,news_1979_734499.txt-40-2	1,2,3,4	-
211_record_nn	mag_1962_311690.txt-9-8,nf_1834_747634.txt-366-9	1,2,3,4	-
212_record_nn	fic_1847_7094.txt-171-58,nf_1834_747634.txt-366-9	1,2,3,4	-
213_record_nn	mag_1848_555521.txt-117-0,mag_1981_432041.txt-98-3	1,2,3,4	-
214_record_nn	nf_1847_747756.txt-405-45,news_1979_734499.txt-40-2	1,2,3,4	-
215_record_nn	news_1969_727946.txt-19-10,mag_1846_565552.txt-221-22	1,2,3,4	-
216_record_nn	mag_2007_387692.txt-129-27,nf_1856_769137.txt-638-6	1,2,3,4	-
217_record_nn	fic_1819_8693.txt-368-20,mag_1981_432041.txt-98-3	1,2,3,4	-
218_record_nn	mag_1840_554815.txt-131-17,fic_1975_10600.txt-4362-31	1,2,3,4	-
219_record_nn	mag_1850_525567.txt-96-26,nf_1834_747634.txt-366-9	1,2,3,4	-
220_record_nn	mag_2002_421280.txt-35-1,fic_1856_1552.txt-2858-25	1,2,3,4	-
221_record_nn	mag_1844_565293.txt-70-30,fic_1975_10600.txt-4362-31	1,2,3,4	-
222_record_nn	fic_1832_8798.txt-1074-8,nf_1849_749269.txt-1658-33	1,2,3,4	-
223_record_nn	nf_1839_747920.txt-1078-6,fic_1856_1552.txt-2858-25	1,2,3,4	-
224_record_nn	fic_1970_782003.txt-2934-1,fic_1844_800.txt-888-18	1,2,3,4	-
225_record_nn	mag_1979_485611.txt-260-19,nf_1849_749269.txt-1658-33	1,2,3,4	-
226_record_nn	mag_1849_555588.txt-42-6,nf_1856_769137.txt-638-6	1,2,3,4	-
227_record_nn	mag_1851_555704.txt-569-35,fic_1975_10600.txt-4362-31	1,2,3,4	-
228_record_nn	mag_1838_554654.txt-4-26,nf_1849_749269.txt-1658-33	1,2,3,4	-
229_record_nn	fic_1851_746.txt-3971-10,fic_1975_10600.txt-4362-31	1,2,3,4	-
230_record_nn	nf_1857_767292.txt-2345-1,nf_1856_769137.txt-638-6	1,2,3,4	-
231_record_nn	mag_1998_399430.txt-31-10,mag_2000_403677.txt-77-3	1,2,3,4	-
232_record_nn	mag_1859_591206.txt-213-18,fic_1827_7169.txt-0-35	1,2,3,4	-
233_record_nn	mag_1975_107266.txt-40-12,mag_1846_565552.txt-221-22	1,2,3,4	-
234_record_nn	nf_1847_747756.txt-749-2,nf_1831_764842.txt-1011-24	1,2,3,4	-
235_record_nn	news_1976_732667.txt-19-21,nf_1836_748113.txt-721-23	1,2,3,4	-
236_record_nn	nf_1849_749269.txt-1658-33,nf_1836_748113.txt-721-23	1,2,3,4	-
237_record_nn	mag_1835_554344.txt-0-9,mag_1846_565552.txt-221-22	1,2,3,4	-
238_record_nn	news_1968_726910.txt-21-6,nf_1856_769137.txt-638-6	1,2,3,4	-
239_record_nn	mag_1961_205956.txt-13-6,mag_1846_565552.txt-221-22	1,2,3,4	-
240_record_nn	mag_1846_565511.txt-552-17,mag_1981_432041.txt-98-3	1,2,3,4	-
241_record_nn	fic_1975_648.txt-1673-20,nf_1992_773879.txt-884-9	1,2,3,4	-
242_record_nn	news_1961_721905.txt-39-38,mag_1979_480129.txt-233-1	1,2,3,4	-
243_record_nn	mag_1856_566732.txt-281-10,mag_1980_485877.txt-172-10	1,2,3,4	-
244_record_nn	mag_1991_421244.txt-16-8,mag_1980_485877.txt-172-10	1,2,3,4	-
245_record_nn	nf_1978_773880.txt-1049-11,mag_1980_485877.txt-172-10	1,2,3,4	-
246_record_nn	nf_1963_774144.txt-230-48,mag_1846_565552.txt-221-22	1,2,3,4	-
247_record_nn	fic_1834_7029.txt-401-36,mag_2006_112391.txt-44-14	1,2,3,4	-
248_record_nn	mag_1965_97767.txt-80-15,nf_1856_769137.txt-638-6	1,2,3,4	-
249_record_nn	news_1989_670760.txt-14-6,mag_1981_432041.txt-98-3	1,2,3,4	-
250_record_nn	fic_1837_7395.txt-309-8,nf_1849_749269.txt-1658-33	1,2,3,4	-
251_record_nn	mag_1993_425262.txt-91-9,mag_1979_480129.txt-233-1	1,2,3,4	-
252_record_nn	mag_1979_480129.txt-233-1,mag_1980_485877.txt-172-10	1,2,3,4	-
253_record_nn	fic_1860_1171.txt-1826-6,mag_1846_565552.txt-221-22	1,2,3,4	-
254_record_nn	mag_1972_314265.txt-13-24,fic_1975_10600.txt-4362-31	1,2,3,4	-
255_record_nn	mag_2008_139224.txt-4-26,nf_1856_769137.txt-638-6	1,2,3,4	-
256_record_nn	fic_1975_648.txt-3457-1,fic_1827_7169.txt-0-35	1,2,3,4	-
257_record_nn	fic_1860_1171.txt-1939-20,fic_1856_1552.txt-2858-25	1,2,3,4	-
258_record_nn	mag_1987_334553.txt-23-8,mag_1979_480129.txt-233-1	1,2,3,4	-
259_record_nn	news_1976_732783.txt-50-17,fic_1844_800.txt-888-18	1,2,3,4	-
260_record_nn	nf_1849_771289.txt-2614-16,nf_1836_748113.txt-721-23	1,2,3,4	-
261_record_nn	mag_1979_490065.txt-441-14,news_1976_732783.txt-50-17	1,2,3,4	-
262_record_nn	nf_1992_773879.txt-884-9,mag_1980_485877.txt-172-10	1,2,3,4	-
263_record_nn	news_2006_623986.txt-135-13,mag_1980_485877.txt-172-10	1,2,3,4	-
264_record_nn	mag_1987_88962.txt-50-28,nf_1831_764842.txt-1011-24	1,2,3,4	-
265_record_nn	fic_1850_7304.txt-363-30,news_2003_628509.txt-80-6	1,2,3,4	-
266_record_nn	nf_1983_774351.txt-1869-7,nf_1849_749269.txt-1658-33	1,2,3,4	-
267_record_nn	news_1987_670609.txt-25-11,mag_1980_485877.txt-172-10	1,2,3,4	-
268_record_nn	mag_1856_556222.txt-192-9,mag_1979_480129.txt-233-1	1,2,3,4	-
269_record_nn	mag_1836_554364.txt-28-3,fic_1844_800.txt-888-18	1,2,3,4	-
270_record_nn	mag_1985_330769.txt-0-21,mag_1979_480129.txt-233-1	1,2,3,4	-
271_record_nn	fic_1842_7206.txt-1375-7,mag_1980_485877.txt-172-10	1,2,3,4	-
272_record_nn	news_1982_671060.txt-40-6,mag_1979_480129.txt-233-1	1,2,3,4	-
273_record_nn	news_1981_670937.txt-48-7,fic_1827_7169.txt-0-35	1,2,3,4	-
274_record_nn	mag_1972_488012.txt-223-6,mag_1979_480129.txt-233-1	1,2,3,4	-
275_record_nn	mag_1853_504639.txt-252-75,fic_1827_7169.txt-0-35	1,2,3,4	-
276_record_nn	mag_1827_553857.txt-44-34,mag_1981_432041.txt-98-3	1,2,3,4	-
277_record_nn	mag_1985_432223.txt-147-3,mag_1987_334553.txt-23-8	1,2,3,4	-
278_record_nn	mag_1859_567046.txt-286-29,fic_1848_7193.txt-7829-13	1,2,3,4	-
279_record_nn	mag_1857_556473.txt-24-30,mag_1846_565552.txt-221-22	1,2,3,4	-
280_record_nn	mag_2004_415362.txt-103-15,news_1981_670933.txt-32-25	1,2,3,4	-
281_record_nn	nf_1848_754767.txt-7-9,mag_1846_565552.txt-221-22	1,2,3,4	-
282_record_nn	mag_1834_554254.txt-554-29,mag_1979_480129.txt-233-1	1,2,3,4	-
283_record_nn	fic_1845_7170.txt-1080-14,mag_1980_485877.txt-172-10	1,2,3,4	-
284_record_nn	nf_1847_750187.txt-376-21,mag_1980_485877.txt-172-10	1,2,3,4	-
285_record_nn	nf_1961_774367.txt-2198-2,fic_1848_7193.txt-7829-13	1,2,3,4	-
286_record_nn	mag_1845_565418.txt-35-6,nf_1836_748113.txt-721-23	1,2,3,4	-
287_record_nn	mag_1845_522589.txt-60-22,fic_1848_7193.txt-7829-13	1,2,3,4	-
288_record_nn	fic_1850_7304.txt-6758-1,mag_1980_485877.txt-172-10	1,2,3,4	-
289_record_nn	fic_1824_7037.txt-90-10,mag_1980_485877.txt-172-10	1,2,3,4	-
290_record_nn	mag_1827_553787.txt-98-62,mag_1979_480129.txt-233-1	1,2,3,4	-
291_record_nn	mag_1845_565459.txt-399-11,fic_1848_7193.txt-7829-13	1,2,3,4	-
292_record_nn	news_2009_646797.txt-73-17,mag_1846_565552.txt-221-22	1,2,3,4	-
293_record_nn	fic_1819_8009.txt-967-13,nf_1831_764842.txt-1011-24	1,2,3,4	-
294_record_nn	news_1973_730777.txt-22-1,nf_1831_764842.txt-1011-24	1,2,3,4	-
295_record_nn	news_1996_652787.txt-48-6,nf_1834_747634.txt-366-9	1,2,3,4	-
296_record_nn	mag_1991_343958.txt-7-19,nf_1849_749269.txt-1658-33	1,2,3,4	-
297_record_nn	news_1963_723497.txt-47-2,fic_1844_800.txt-888-18	1,2,3,4	-
298_record_nn	news_2006_604898.txt-32-11,nf_1856_769137.txt-638-6	1,2,3,4	-
299_record_nn	nf_1844_755204.txt-2125-16,nf_1834_747634.txt-366-9	1,2,3,4	-
300_record_nn	news_2000_621987.txt-16-1,nf_1836_748113.txt-721-23	1,2,3,4	-
301_record_nn	fic_1993_1040060.txt-858-28,news_1979_734499.txt-40-2	1,2,3,4	-
302_record_nn	nf_1842_747853.txt-355-15,fic_1975_10600.txt-4362-31	1,2,3,4	-
303_record_nn	mag_1979_490065.txt-441-14,fic_1844_800.txt-888-18	1,2,3,4	-
304_record_nn	nf_1984_773610.txt-386-46,fic_1975_10600.txt-4362-31	1,2,3,4	-
305_record_nn	mag_1853_555854.txt-325-5,fic_1848_7193.txt-7829-13	1,2,3,4	-
306_record_nn	mag_1838_586148.txt-164-26,news_1979_734499.txt-40-2	1,2,3,4	-
307_record_nn	nf_2001_746879.txt-32-20,fic_1827_7169.txt-0-35	1,2,3,4	-
308_record_nn	fic_1984_780068.txt-647-10,mag_1981_432041.txt-98-3	1,2,3,4	-
309_record_nn	fic_1849_7230.txt-1532-38,nf_1856_769137.txt-638-6	1,2,3,4	-
310_record_nn	news_1982_668342.txt-1-29,mag_1980_485877.txt-172-10	1,2,3,4	-
311_record_nn	news_2005_607677.txt-38-5,mag_1979_480129.txt-233-1	1,2,3,4	-
312_record_nn	mag_2001_411673.txt-78-21,nf_1849_749269.txt-1658-33	1,2,3,4	-
313_record_nn	fic_1860_1171.txt-1933-10,fic_1975_10600.txt-4362-31	1,2,3,4	-
314_record_nn	mag_1985_432223.txt-147-3,mag_1979_480129.txt-233-1	1,2,3,4	-
315_record_nn	nf_1988_773830.txt-650-3,nf_1836_748113.txt-721-23	1,2,3,4	-
316_record_nn	mag_1845_565472.txt-322-1,fic_1844_800.txt-888-18	1,2,3,4	-
317_record_nn	nf_1828_747473.txt-1981-3,nf_1831_764842.txt-1011-24	1,2,3,4	-
318_record_nn	fic_1844_800.txt-888-18,mag_1980_485877.txt-172-10	1,2,3,4	-
319_record_nn	nf_1845_747580.txt-146-24,news_1979_734499.txt-40-2	1,2,3,4	-
320_record_nn	news_1973_730777.txt-21-16,nf_1849_749269.txt-1658-33	1,2,3,4	-
321_record_nn	fic_1836_7330.txt-1-3,mag_1980_485877.txt-172-10	1,2,3,4	-
322_record_nn	news_1982_671097.txt-110-7,fic_1975_10600.txt-4362-31	1,2,3,4	-
323_record_nn	nf_2000_746594.txt-236-12,mag_1846_565552.txt-221-22	1,2,3,4	-
324_record_nn	mag_1837_554481.txt-0-18,fic_1856_1552.txt-2858-25	1,2,3,4	-
325_record_nn	nf_1841_762742.txt-3083-15,fic_1827_7169.txt-0-35	1,2,3,4	-
326_record_nn	mag_1980_491486.txt-126-9,news_2000_603035.txt-83-8	1,2,3,4	-
327_record_nn	fic_1850_7304.txt-363-30,news_2006_604898.txt-32-11	1,2,3,4	-
328_record_nn	fic_2001_30892.txt-1-7,mag_1979_480129.txt-233-1	1,2,3,4	-
329_record_nn	fic_1995_39281.txt-144-16,mag_1981_432041.txt-98-3	1,2,3,4	-
330_record_nn	news_1978_733514.txt-23-7,nf_1836_748113.txt-721-23	1,2,3,4	-
331_record_nn	fic_1823_7242.txt-7902-41,news_1979_734499.txt-40-2	1,2,3,4	-
332_record_nn	news_1979_734499.txt-40-2,fic_2006_27859.txt-63-2	1,2,3,4	-
333_record_nn	news_2003_628509.txt-80-6,news_1999_653851.txt-73-20	1,2,3,4	-
334_record_nn	mag_2006_112391.txt-44-14,nf_1992_773879.txt-884-9	1,2,3,4	-
335_record_nn	news_1988_668892.txt-4-9,news_2003_628509.txt-80-6	1,2,3,4	-
336_record_nn	news_2003_628509.txt-80-6,mag_1962_311690.txt-9-8	1,2,3,4	-
337_record_nn	fic_1835_7353.txt-1855-15,news_1968_726910.txt-21-6	1,2,3,4	-
338_record_nn	news_1999_653851.txt-73-20,fic_1995_39281.txt-144-16	1,2,3,4	-
339_record_nn	mag_1851_566050.txt-189-18,mag_1962_311690.txt-9-8	1,2,3,4	-
340_record_nn	news_1999_653851.txt-73-20,mag_1961_205956.txt-13-6	1,2,3,4	-
341_record_nn	mag_2002_385360.txt-30-3,fic_1995_39281.txt-144-16	1,2,3,4	-
342_record_nn	news_2003_628509.txt-80-6,fic_1860_1171.txt-1939-20	1,2,3,4	-
343_record_nn	mag_1961_205956.txt-13-6,news_1978_733514.txt-23-7	1,2,3,4	-
344_record_nn	mag_2000_403677.txt-77-3,mag_1962_311690.txt-9-8	1,2,3,4	-
345_record_nn	news_1988_668892.txt-4-9,news_1968_726910.txt-21-6	1,2,3,4	-
346_record_nn	news_1999_653851.txt-73-20,news_1981_670937.txt-48-7	1,2,3,4	-
347_record_nn	fic_2000_52612.txt-32-51,mag_2006_112391.txt-44-14	1,2,3,4	-
348_record_nn	fic_1849_7230.txt-1532-38,news_1963_723497.txt-47-2	1,2,3,4	-
349_record_nn	mag_2000_403677.txt-77-3,news_1988_668892.txt-4-9	1,2,3,4	-
350_record_nn	mag_2004_415362.txt-103-15,mag_1979_485611.txt-260-19	1,2,3,4	-
351_record_nn	news_1988_668892.txt-4-9,mag_1984_432205.txt-64-8	1,2,3,4	-
352_record_nn	news_2003_628509.txt-80-6,mag_2004_415362.txt-103-15	1,2,3,4	-
353_record_nn	fic_1981_14064.txt-702-12,fic_1860_1171.txt-1939-20	1,2,3,4	-
354_record_nn	mag_2000_403677.txt-77-3,mag_1859_591206.txt-213-18	1,2,3,4	-
355_record_nn	mag_2004_415362.txt-103-15,news_1999_653851.txt-73-20	1,2,3,4	-
356_record_nn	mag_2000_403677.txt-77-3,mag_1975_107266.txt-40-12	1,2,3,4	-
357_record_nn	mag_1984_432205.txt-64-8,news_1981_670937.txt-48-7	1,2,3,4	-
358_record_nn	mag_1962_311690.txt-9-8,nf_1848_747434.txt-2817-30	1,2,3,4	-
359_record_nn	mag_1975_107266.txt-40-12,news_1963_723497.txt-47-2	1,2,3,4	-
360_record_nn	mag_1975_107266.txt-40-12,mag_2002_385360.txt-30-3	1,2,3,4	-
361_record_nn	mag_1962_311690.txt-9-8,nf_1857_767292.txt-2345-1	1,2,3,4	-
362_record_nn	fic_1849_7230.txt-1532-38,fic_1995_39281.txt-144-16	1,2,3,4	-
363_record_nn	news_1989_668984.txt-52-13,nf_1992_773879.txt-884-9	1,2,3,4	-
364_record_nn	news_1988_668892.txt-4-9,nf_1848_747434.txt-2817-30	1,2,3,4	-
365_record_nn	mag_1975_107266.txt-40-12,mag_1987_88962.txt-50-28	1,2,3,4	-
366_record_nn	fic_1847_7094.txt-171-58,fic_1860_1171.txt-1939-20	1,2,3,4	-
367_record_nn	mag_1972_314265.txt-13-24,mag_1847_555441.txt-301-6	1,2,3,4	-
368_record_nn	mag_1962_311690.txt-9-8,mag_1977_287660.txt-20-8	1,2,3,4	-
369_record_nn	mag_1975_107266.txt-40-12,news_1978_733514.txt-23-7	1,2,3,4	-
370_record_nn	mag_1984_432205.txt-64-8,news_2006_604898.txt-32-11	1,2,3,4	-
371_record_nn	news_2003_628509.txt-80-6,fic_1995_39281.txt-144-16	1,2,3,4	-
372_record_nn	news_2003_628509.txt-80-6,fic_1835_7353.txt-1855-15	1,2,3,4	-
373_record_nn	fic_1835_7353.txt-1855-15,mag_1975_107266.txt-40-12	1,2,3,4	-
374_record_nn	news_1969_727946.txt-19-10,news_1978_733514.txt-23-7	1,2,3,4	-
375_record_nn	fic_1835_7353.txt-1855-15,mag_2002_385360.txt-30-3	1,2,3,4	-
376_record_nn	mag_1961_205956.txt-13-6,news_1968_726910.txt-21-6	1,2,3,4	-
377_record_nn	news_1989_668984.txt-52-13,fic_1981_14064.txt-702-12	1,2,3,4	-
378_record_nn	fic_1860_1171.txt-1939-20,mag_1987_88962.txt-50-28	1,2,3,4	-
379_record_nn	news_1999_653851.txt-73-20,mag_1962_311690.txt-9-8	1,2,3,4	-
380_record_nn	mag_1962_311690.txt-9-8,mag_2002_421280.txt-35-1	1,2,3,4	-
381_record_nn	mag_1984_432205.txt-64-8,news_2003_628509.txt-80-6	1,2,3,4	-
382_record_nn	mag_1975_107266.txt-40-12,news_1988_668892.txt-4-9	1,2,3,4	-
383_record_nn	fic_1975_648.txt-1673-20,mag_1979_485611.txt-260-19	1,2,3,4	-
384_record_nn	nf_1826_747833.txt-780-2,news_2003_628509.txt-80-6	1,2,3,4	-
385_record_nn	mag_2004_415362.txt-103-15,fic_1981_14064.txt-702-12	1,2,3,4	-
386_record_nn	mag_1992_423150.txt-30-24,news_2006_604898.txt-32-11	1,2,3,4	-
387_record_nn	news_1997_602155.txt-31-13,mag_2000_403677.txt-77-3	1,2,3,4	-
388_record_nn	news_1999_653851.txt-73-20,news_1997_602155.txt-31-13	1,2,3,4	-
389_record_nn	fic_1835_7353.txt-1855-15,mag_2000_403677.txt-77-3	1,2,3,4	-
390_record_nn	mag_1856_556222.txt-192-9,fic_1981_14064.txt-702-12	1,2,3,4	-
391_record_nn	mag_1975_107266.txt-40-12,nf_1826_747833.txt-780-2	1,2,3,4	-
392_record_nn	fic_1981_14064.txt-702-12,mag_2002_421280.txt-35-1	1,2,3,4	-
393_record_nn	news_1996_652787.txt-48-6,mag_1971_282685.txt-6-3	1,2,3,4	-
394_record_nn	mag_1984_432205.txt-64-8,fic_1860_1171.txt-1939-20	1,2,3,4	-
395_record_nn	nf_1848_747434.txt-2817-30,mag_1998_399430.txt-31-10	1,2,3,4	-
396_record_nn	news_1988_668892.txt-4-9,news_1978_733514.txt-23-7	1,2,3,4	-
397_record_nn	news_1989_668984.txt-52-13,mag_2000_403677.txt-77-3	1,2,3,4	-
398_record_nn	fic_1995_39281.txt-144-16,nf_1992_773879.txt-884-9	1,2,3,4	-
399_record_nn	mag_2002_385360.txt-30-3,mag_2006_112391.txt-44-14	1,2,3,4	-
400_record_nn	mag_2000_403677.txt-77-3,fic_1995_39281.txt-144-16	1,2,3,4	-
401_record_nn	fic_1835_7353.txt-1855-15,mag_2006_398617.txt-90-13	1,2,3,4	-
402_record_nn	mag_2004_415362.txt-103-15,mag_1975_107266.txt-40-12	1,2,3,4	-
403_record_nn	news_2003_628509.txt-80-6,mag_1992_423150.txt-30-24	1,2,3,4	-
404_record_nn	news_1999_653851.txt-73-20,news_1989_668984.txt-52-13	1,2,3,4	-
405_record_nn	nf_1826_747833.txt-780-2,news_1963_723497.txt-47-2	1,2,3,4	-
406_record_nn	news_1997_602155.txt-31-13,mag_2002_421280.txt-35-1	1,2,3,4	-
407_record_nn	nf_1826_747833.txt-780-2,fic_1835_7353.txt-1855-15	1,2,3,4	-
408_record_nn	fic_2005_31686.txt-155-7,fic_1995_39281.txt-144-16	1,2,3,4	-
409_record_nn	mag_1984_432205.txt-64-8,mag_2002_385360.txt-30-3	1,2,3,4	-
410_record_nn	news_1989_668984.txt-52-13,news_1968_726910.txt-21-6	1,2,3,4	-
411_record_nn	mag_1859_591206.txt-213-18,mag_1992_423150.txt-30-24	1,2,3,4	-
412_record_nn	news_1997_602155.txt-31-13,mag_2006_112391.txt-44-14	1,2,3,4	-
413_record_nn	news_1981_670933.txt-32-25,news_1969_727946.txt-19-10	1,2,3,4	-
414_record_nn	fic_1835_7353.txt-1855-15,mag_1986_332059.txt-18-12	1,2,3,4	-
415_record_nn	mag_2000_403677.txt-77-3,mag_2004_415362.txt-103-15	1,2,3,4	-
416_record_nn	mag_2000_403677.txt-77-3,nf_1826_747833.txt-780-2	1,2,3,4	-
417_record_nn	news_1988_668892.txt-4-9,mag_1962_311690.txt-9-8	1,2,3,4	-
418_record_nn	nf_1857_767292.txt-2345-1,mag_1979_485611.txt-260-19	1,2,3,4	-
419_record_nn	mag_2002_385360.txt-30-3,news_1978_733514.txt-23-7	1,2,3,4	-
420_record_nn	mag_2004_415362.txt-103-15,mag_2006_398617.txt-90-13	1,2,3,4	-
421_record_nn	news_1997_602155.txt-31-13,fic_1849_7230.txt-1532-38	1,2,3,4	-
422_record_nn	nf_1848_747434.txt-2817-30,mag_1961_205956.txt-13-6	1,2,3,4	-
423_record_nn	news_1989_668984.txt-52-13,fic_1860_1171.txt-1939-20	1,2,3,4	-
424_record_nn	news_1997_602155.txt-31-13,news_1978_733514.txt-23-7	1,2,3,4	-
425_record_nn	nf_1836_748113.txt-721-23,fic_1975_10600.txt-4362-31	1,2,3,4	-
426_record_nn	nf_1849_749269.txt-1658-33,mag_2004_415362.txt-103-15	1,2,3,4	-
427_record_nn	nf_1836_748113.txt-721-23,nf_1849_749269.txt-1658-33	1,2,3,4	-
428_record_nn	mag_1998_399430.txt-31-10,mag_2006_398617.txt-90-13	1,2,3,4	-
429_record_nn	fic_1844_800.txt-888-18,nf_1831_764842.txt-1011-24	1,2,3,4	-
430_record_nn	mag_1981_432041.txt-98-3,mag_1846_565552.txt-221-22	1,2,3,4	-
431_record_nn	mag_1981_432041.txt-98-3,mag_2006_398617.txt-90-13	1,2,3,4	-
432_record_nn	fic_1827_7169.txt-0-35,mag_1846_565552.txt-221-22	1,2,3,4	-
433_record_nn	fic_1848_7193.txt-7829-13,nf_1849_749269.txt-1658-33	1,2,3,4	-
434_record_nn	fic_1827_7169.txt-0-35,fic_1844_800.txt-888-18	1,2,3,4	-
435_record_nn	fic_1844_800.txt-888-18,news_1979_734499.txt-40-2	1,2,3,4	-
436_record_nn	nf_1849_749269.txt-1658-33,mag_1846_565552.txt-221-22	1,2,3,4	-
437_record_nn	fic_1848_7193.txt-7829-13,news_1979_734499.txt-40-2	1,2,3,4	-
438_record_nn	mag_1980_485877.txt-172-10,mag_1998_399430.txt-31-10	1,2,3,4	-
439_record_nn	nf_1831_764842.txt-1011-24,nf_1849_749269.txt-1658-33	1,2,3,4	-
440_record_nn	mag_2000_403677.txt-77-3,fic_1848_7193.txt-7829-13	1,2,3,4	-
441_record_nn	mag_2006_398617.txt-90-13,nf_1836_748113.txt-721-23	1,2,3,4	-
442_record_nn	nf_1836_748113.txt-721-23,fic_1827_7169.txt-0-35	1,2,3,4	-
443_record_nn	mag_1980_485877.txt-172-10,fic_1844_800.txt-888-18	1,2,3,4	-
444_record_nn	fic_1856_1552.txt-2858-25,mag_1981_432041.txt-98-3	1,2,3,4	-
445_record_nn	fic_1975_10600.txt-4362-31,mag_1998_399430.txt-31-10	1,2,3,4	-
446_record_nn	mag_1998_399430.txt-31-10,fic_1827_7169.txt-0-35	1,2,3,4	-
447_record_nn	mag_2004_415362.txt-103-15,nf_1836_748113.txt-721-23	1,2,3,4	-
448_record_nn	fic_1975_10600.txt-4362-31,nf_1849_749269.txt-1658-33	1,2,3,4	-
449_record_nn	fic_1856_1552.txt-2858-25,mag_1998_399430.txt-31-10	1,2,3,4	-
450_record_nn	mag_1998_399430.txt-31-10,nf_1831_764842.txt-1011-24	1,2,3,4	-
451_record_nn	mag_2007_390776.txt-128-4,mag_1980_485877.txt-172-10	1,2,3,4	-
452_record_nn	nf_1849_749269.txt-1658-33,mag_1981_432041.txt-98-3	1,2,3,4	-
453_record_nn	mag_1846_565552.txt-221-22,nf_1834_747634.txt-366-9	1,2,3,4	-
454_record_nn	mag_1979_480129.txt-233-1,fic_1975_10600.txt-4362-31	1,2,3,4	-
455_record_nn	mag_2004_415362.txt-103-15,mag_1980_485877.txt-172-10	1,2,3,4	-
456_record_nn	nf_1834_747634.txt-366-9,nf_1849_749269.txt-1658-33	1,2,3,4	-
457_record_nn	nf_1856_769137.txt-638-6,fic_1844_800.txt-888-18	1,2,3,4	-
458_record_nn	nf_1831_764842.txt-1011-24,mag_1980_485877.txt-172-10	1,2,3,4	-
459_record_nn	mag_1846_565552.txt-221-22,mag_2006_398617.txt-90-13	1,2,3,4	-
460_record_nn	mag_1980_485877.txt-172-10,mag_1979_480129.txt-233-1	1,2,3,4	-
461_record_nn	news_1979_734499.txt-40-2,nf_1849_749269.txt-1658-33	1,2,3,4	-
462_record_nn	nf_1836_748113.txt-721-23,nf_1856_769137.txt-638-6	1,2,3,4	-
463_record_nn	nf_1831_764842.txt-1011-24,mag_2004_415362.txt-103-15	1,2,3,4	-
464_record_nn	fic_1844_800.txt-888-18,nf_1836_748113.txt-721-23	1,2,3,4	-
465_record_nn	mag_1980_485877.txt-172-10,fic_1848_7193.txt-7829-13	1,2,3,4	-
466_record_nn	nf_1849_749269.txt-1658-33,mag_2007_390776.txt-128-4	1,2,3,4	-
467_record_nn	mag_2006_398617.txt-90-13,fic_1827_7169.txt-0-35	1,2,3,4	-
468_record_nn	fic_1827_7169.txt-0-35,mag_2000_403677.txt-77-3	1,2,3,4	-
469_record_nn	mag_1846_565552.txt-221-22,nf_1836_748113.txt-721-23	1,2,3,4	-
470_record_nn	nf_1834_747634.txt-366-9,mag_1980_485877.txt-172-10	1,2,3,4	-
471_record_nn	nf_1849_749269.txt-1658-33,mag_1980_485877.txt-172-10	1,2,3,4	-
472_record_nn	fic_1827_7169.txt-0-35,mag_1981_432041.txt-98-3	1,2,3,4	-
473_record_nn	news_1963_723497.txt-47-2,news_2000_603035.txt-83-8	1,2,3,4	-
474_record_nn	news_2006_604898.txt-32-11,mag_2002_385360.txt-30-3	1,2,3,4	-
475_record_nn	news_2003_628509.txt-80-6,mag_2002_421280.txt-35-1	1,2,3,4	-
476_record_nn	fic_1860_1171.txt-1939-20,mag_1859_591206.txt-213-18	1,2,3,4	-
477_record_nn	fic_1970_782003.txt-2934-1,mag_2002_421280.txt-35-1	1,2,3,4	-
478_record_nn	fic_1860_1171.txt-1826-6,fic_1827_7169.txt-0-35	1,2,3,4	-
479_record_nn	news_1961_721905.txt-39-38,mag_1962_311690.txt-9-8	1,2,3,4	-
480_record_nn	mag_1992_423150.txt-30-24,fic_1849_7230.txt-1532-38	1,2,3,4	-
481_record_nn	mag_1977_287660.txt-20-8,mag_2002_421280.txt-35-1	1,2,3,4	-
482_record_nn	mag_1844_565293.txt-70-30,mag_2004_415362.txt-103-15	1,2,3,4	-
483_record_nn	mag_1979_485611.txt-260-19,fic_1849_7230.txt-1532-38	1,2,3,4	-
484_record_nn	news_1999_653851.txt-73-20,mag_1859_591206.txt-213-18	1,2,3,4	-
485_record_nn	mag_1979_485611.txt-260-19,mag_2000_403677.txt-77-3	1,2,3,4	-
486_record_nn	news_1982_671097.txt-110-7,fic_1860_1171.txt-1939-20	1,2,3,4	-
487_record_nn	mag_2008_139224.txt-4-26,mag_1845_555338.txt-132-5	1,2,3,4	-
488_record_nn	nf_1849_749269.txt-358-17,mag_1962_311690.txt-9-8	1,2,3,4	-
489_record_nn	news_2006_604898.txt-32-11,nf_1848_747434.txt-2817-30	1,2,3,4	-
490_record_nn	fic_1848_7193.txt-7829-13,news_1963_723497.txt-47-2	1,2,3,4	-
491_record_nn	mag_1835_554344.txt-0-9,fic_1993_1040060.txt-858-28	1,2,3,4	-
492_record_nn	nf_1849_749269.txt-358-17,fic_2005_31686.txt-155-7	1,2,3,4	-
493_record_nn	fic_1860_1171.txt-1826-6,fic_1995_39281.txt-144-16	1,2,3,4	-
494_record_nn	news_1999_653851.txt-73-20,mag_2006_398617.txt-90-13	1,2,3,4	-
495_record_nn	nf_1992_773879.txt-884-9,mag_1962_311690.txt-9-8	1,2,3,4	-
496_record_nn	mag_1847_555441.txt-301-6,mag_2006_398617.txt-90-13	1,2,3,4	-
497_record_nn	news_1997_602155.txt-31-13,mag_1979_485611.txt-260-19	1,2,3,4	-
498_record_nn	mag_2000_403677.txt-77-3,mag_1961_205956.txt-13-6	1,2,3,4	-
499_record_nn	news_1989_670760.txt-14-6,fic_1995_39281.txt-144-16	1,2,3,4	-
500_record_nn	nf_1828_747473.txt-1981-3,mag_1992_423150.txt-30-24	1,2,3,4	-
501_record_nn	mag_2000_403677.txt-77-3,nf_1839_747920.txt-1078-6	1,2,3,4	-
502_record_nn	mag_1849_555588.txt-42-6,nf_1848_747434.txt-2817-30	1,2,3,4	-
503_record_nn	nf_2001_746879.txt-32-20,mag_1962_311690.txt-9-8	1,2,3,4	-
504_record_nn	mag_1971_282685.txt-6-3,mag_1992_423150.txt-30-24	1,2,3,4	-
505_record_nn	nf_1826_747833.txt-780-2,mag_2002_421280.txt-35-1	1,2,3,4	-
506_record_nn	fic_1981_14064.txt-702-12,fic_1835_7353.txt-1855-15	1,2,3,4	-
507_record_nn	news_1978_733514.txt-23-7,mag_1986_332059.txt-18-12	1,2,3,4	-
508_record_nn	mag_1847_555441.txt-301-6,nf_1855_748146.txt-649-12	1,2,3,4	-
509_record_nn	mag_1987_88962.txt-50-28,nf_1992_773879.txt-884-9	1,2,3,4	-
510_record_nn	mag_1972_251592.txt-6-21,fic_1860_1171.txt-1939-20	1,2,3,4	-
511_record_nn	news_1988_668892.txt-4-9,fic_1860_1171.txt-1939-20	1,2,3,4	-
512_record_nn	mag_2006_398617.txt-90-13,fic_1849_7230.txt-1532-38	1,2,3,4	-
513_record_nn	fic_1819_8009.txt-967-13,mag_1859_567046.txt-286-29	1,2,3,4	-
514_record_nn	mag_2000_403677.txt-77-3,fic_1849_7230.txt-1532-38	1,2,3,4	-
515_record_nn	news_1963_723497.txt-47-2,mag_1962_311690.txt-9-8	1,2,3,4	-
516_record_nn	fic_1860_1171.txt-1826-6,mag_1977_287660.txt-20-8	1,2,3,4	-
517_record_nn	nf_2000_746594.txt-236-12,mag_2002_421280.txt-35-1	1,2,3,4	-
518_record_nn	mag_2004_415362.txt-103-15,nf_1848_747434.txt-2817-30	1,2,3,4	-
519_record_nn	news_1997_602155.txt-31-13,mag_1961_205956.txt-13-6	1,2,3,4	-
520_record_nn	mag_1987_88962.txt-50-28,mag_2002_385360.txt-30-3	1,2,3,4	-
521_record_nn	mag_1850_525567.txt-96-26,mag_1859_591206.txt-213-18	1,2,3,4	-
522_record_nn	mag_1984_432205.txt-64-8,fic_1995_39281.txt-144-16	1,2,3,4	-
523_record_nn	mag_1845_522589.txt-60-22,news_1968_726910.txt-21-6	1,2,3,4	-
524_record_nn	mag_2002_385360.txt-30-3,mag_1962_311690.txt-9-8	1,2,3,4	-
525_record_nn	mag_1850_555639.txt-481-56,mag_1845_565472.txt-322-1	1,2,3,4	-
526_record_nn	mag_2006_398617.txt-90-13,nf_1826_747833.txt-780-2	1,2,3,4	-
527_record_nn	mag_1979_490065.txt-441-14,news_2009_646797.txt-73-17	1,2,3,4	-
528_record_nn	news_2000_603035.txt-83-8,news_1989_668984.txt-52-13	1,2,3,4	-
529_record_nn	news_1968_726910.txt-21-6,mag_2006_398617.txt-90-13	1,2,3,4	-
530_record_nn	news_1963_723497.txt-47-2,fic_1835_7353.txt-1855-15	1,2,3,4	-
531_record_nn	mag_1846_565511.txt-552-17,mag_2000_403677.txt-77-3	1,2,3,4	-
532_record_nn	fic_1824_7037.txt-90-10,fic_1849_7230.txt-1532-38	1,2,3,4	-
533_record_nn	fic_1835_7353.txt-1855-15,mag_1859_591206.txt-213-18	1,2,3,4	-
534_record_nn	nf_1841_762742.txt-3083-15,mag_1962_311690.txt-9-8	1,2,3,4	-
535_record_nn	nf_1848_747434.txt-2817-30,mag_2002_421280.txt-35-1	1,2,3,4	-
536_record_nn	news_1978_733514.txt-23-7,fic_1849_7230.txt-1532-38	1,2,3,4	-
537_record_nn	news_1997_602155.txt-31-13,fic_1995_39281.txt-144-16	1,2,3,4	-
538_record_nn	nf_1848_754767.txt-7-9,mag_1848_555521.txt-117-0	1,2,3,4	-
539_record_nn	mag_1859_591206.txt-213-18,mag_1962_311690.txt-9-8	1,2,3,4	-
540_record_nn	news_1989_668984.txt-52-13,fic_1849_7230.txt-1532-38	1,2,3,4	-
541_record_nn	mag_1847_555505.txt-249-36,mag_1961_205956.txt-13-6	1,2,3,4	-
542_record_nn	fic_1832_8798.txt-1074-8,fic_1827_9760.txt-222-10	1,2,3,4	-
543_record_nn	news_1978_733514.txt-23-7,fic_1835_7353.txt-1855-15	1,2,3,4	-
544_record_nn	mag_1827_553857.txt-44-34,mag_1998_399430.txt-31-10	1,2,3,4	-
545_record_nn	nf_1857_767292.txt-2345-1,mag_1859_591206.txt-213-18	1,2,3,4	-
546_record_nn	nf_1844_749098.txt-120-5,news_2006_604898.txt-32-11	1,2,3,4	-
547_record_nn	mag_1845_565459.txt-399-11,mag_1859_591206.txt-213-18	1,2,3,4	-
548_record_nn	mag_1845_565418.txt-35-6,mag_1962_311690.txt-9-8	1,2,3,4	-
549_record_nn	mag_1834_554254.txt-554-29,mag_1977_287660.txt-20-8	1,2,3,4	-
550_record_nn	mag_1835_554344.txt-0-9,mag_1987_88962.txt-50-28	1,2,3,4	-
551_record_nn	news_2006_604898.txt-32-11,nf_1992_773879.txt-884-9	1,2,3,4	-
552_record_nn	news_2003_628509.txt-80-6,mag_2006_398617.txt-90-13	1,2,3,4	-
553_record_nn	mag_1846_565511.txt-552-17,news_1969_727946.txt-19-10	1,2,3,4	-
554_record_nn	nf_1857_767292.txt-2345-1,fic_1860_1171.txt-1939-20	1,2,3,4	-
555_record_nn	mag_1849_555588.txt-42-6,fic_1860_1171.txt-1939-20	1,2,3,4	-
556_record_nn	news_2005_607677.txt-38-5,fic_1860_1171.txt-1939-20	1,2,3,4	-
557_record_nn	nf_1841_762742.txt-3083-15,fic_1835_7353.txt-1855-15	1,2,3,4	-
558_record_nn	nf_1843_747650.txt-1611-58,mag_2006_398617.txt-90-13	1,2,3,4	-
559_record_nn	news_1989_668984.txt-52-13,mag_2002_421280.txt-35-1	1,2,3,4	-
560_record_nn	fic_1835_7353.txt-1855-15,nf_1857_767292.txt-2345-1	1,2,3,4	-
561_record_nn	fic_2000_52612.txt-32-51,fic_1981_14064.txt-702-12	1,2,3,4	-
562_record_nn	mag_1856_556222.txt-192-9,news_1978_733514.txt-23-7	1,2,3,4	-
563_record_nn	mag_1977_287660.txt-20-8,news_2003_628509.txt-80-6	1,2,3,4	-
564_record_nn	news_1978_733514.txt-23-7,mag_1962_311690.txt-9-8	1,2,3,4	-
565_record_nn	news_1968_726910.txt-21-6,news_1989_668984.txt-52-13	1,2,3,4	-
566_record_nn	news_1977_733003.txt-37-85,news_1973_730777.txt-21-16	1,2,3,4	-
567_record_nn	nf_1826_747833.txt-780-2,mag_1979_485611.txt-260-19	1,2,3,4	-
568_record_nn	mag_1835_554344.txt-0-9,news_2000_621987.txt-16-1	1,2,3,4	-
569_record_nn	news_1978_733514.txt-23-7,news_2006_604898.txt-32-11	1,2,3,4	-
570_record_nn	nf_1992_773879.txt-884-9,mag_1859_591206.txt-213-18	1,2,3,4	-
571_record_nn	news_1963_723497.txt-47-2,fic_1860_1171.txt-1939-20	1,2,3,4	-
572_record_nn	mag_2004_415362.txt-103-15,mag_1986_332059.txt-18-12	1,2,3,4	-
573_record_nn	fic_1819_8693.txt-368-20,fic_1851_746.txt-3971-10	1,2,3,4	-
574_record_nn	fic_1981_14064.txt-702-12,fic_1849_7230.txt-1532-38	1,2,3,4	-
575_record_nn	news_2009_646797.txt-73-17,fic_1848_7193.txt-7829-13	1,2,3,4	-
576_record_nn	news_1982_671060.txt-40-6,mag_2002_421280.txt-35-1	1,2,3,4	-
577_record_nn	mag_1987_88962.txt-50-28,fic_1849_7230.txt-1532-38	1,2,3,4	-
578_record_nn	mag_1984_432205.txt-64-8,mag_1962_311690.txt-9-8	1,2,3,4	-
579_record_nn	news_1978_733754.txt-20-24,news_1988_668892.txt-4-9	1,2,3,4	-
580_record_nn	fic_2006_27875.txt-0-48,nf_1826_747833.txt-780-2	1,2,3,4	-
581_record_nn	news_1989_668984.txt-52-13,news_2003_628509.txt-80-6	1,2,3,4	-
582_record_nn	news_1988_668892.txt-4-9,mag_1843_555146.txt-1-40	1,2,3,4	-
583_record_nn	fic_1835_7353.txt-1855-15,mag_1962_311690.txt-9-8	1,2,3,4	-
584_record_nn	news_1976_732783.txt-50-17,fic_1827_9760.txt-222-10	1,2,3,4	-
585_record_nn	news_1999_653851.txt-73-20,mag_2002_421280.txt-35-1	1,2,3,4	-
586_record_nn	fic_1845_7295.txt-6579-25,mag_1961_205956.txt-13-6	1,2,3,4	-
587_record_nn	mag_1827_553857.txt-44-34,news_1963_723497.txt-47-2	1,2,3,4	-
588_record_nn	mag_2007_387692.txt-129-27,nf_1826_747833.txt-780-2	1,2,3,4	-
589_record_nn	mag_1960_243020.txt-16-7,mag_2002_421280.txt-35-1	1,2,3,4	-
590_record_nn	news_1981_670937.txt-48-7,nf_1841_762742.txt-3083-15	1,2,3,4	-
591_record_nn	mag_1827_553857.txt-44-34,mag_1845_565418.txt-35-6	1,2,3,4	-
592_record_nn	nf_1826_747833.txt-780-2,nf_1848_747434.txt-2817-30	1,2,3,4	-
593_record_nn	nf_1856_769137.txt-638-6,nf_1826_747833.txt-780-2	1,2,3,4	-
594_record_nn	mag_1977_287660.txt-20-8,mag_1961_205956.txt-13-6	1,2,3,4	-
595_record_nn	fic_1984_780068.txt-647-10,news_1976_732667.txt-19-21	1,2,3,4	-
596_record_nn	news_1963_723497.txt-47-2,mag_2002_421280.txt-35-1	1,2,3,4	-
597_record_nn	news_1997_602155.txt-31-13,mag_1962_311690.txt-9-8	1,2,3,4	-
598_record_nn	fic_1981_14064.txt-702-12,mag_2002_385360.txt-30-3	1,2,3,4	-
599_record_nn	mag_1851_566050.txt-189-18,nf_1848_747434.txt-2817-30	1,2,3,4	-
600_record_nn	mag_1992_423150.txt-30-24,mag_2002_385360.txt-30-3	1,2,3,4	-
601_record_nn	mag_1979_485611.txt-260-19,fic_1860_1171.txt-1939-20	1,2,3,4	-
602_record_nn	mag_1971_282685.txt-6-3,mag_2006_398617.txt-90-13	1,2,3,4	-
603_record_nn	mag_2004_415362.txt-103-15,mag_1962_311690.txt-9-8	1,2,3,4	-
604_record_nn	mag_1971_282685.txt-6-3,fic_1849_7230.txt-1532-38	1,2,3,4	-
605_record_nn	news_1982_671060.txt-40-6,nf_1826_747833.txt-780-2	1,2,3,4	-
606_record_nn	mag_1851_555704.txt-569-35,mag_2002_421280.txt-35-1	1,2,3,4	-
607_record_nn	news_1988_668892.txt-4-9,mag_1992_423150.txt-30-24	1,2,3,4	-
608_record_nn	fic_1995_39281.txt-144-16,news_1963_723497.txt-47-2	1,2,3,4	-
609_record_nn	news_1997_602155.txt-31-13,mag_1971_282685.txt-6-3	1,2,3,4	-
610_record_nn	mag_1984_432205.txt-64-8,mag_1961_205956.txt-13-6	1,2,3,4	-
611_record_nn	nf_1988_773830.txt-650-3,nf_1848_747434.txt-2817-30	1,2,3,4	-
612_record_nn	mag_2006_112391.txt-44-14,mag_1962_311690.txt-9-8	1,2,3,4	-
613_record_nn	mag_1984_432205.txt-64-8,news_2009_646797.txt-73-17	1,2,3,4	-
614_record_nn	mag_1977_287660.txt-20-8,fic_1835_7353.txt-1855-15	1,2,3,4	-
615_record_nn	mag_2006_112391.txt-44-14,fic_1860_1171.txt-1939-20	1,2,3,4	-
616_record_nn	news_2006_604898.txt-32-11,nf_1826_747833.txt-780-2	1,2,3,4	-
617_record_nn	fic_1824_7037.txt-90-10,news_1978_733514.txt-23-7	1,2,3,4	-
618_record_nn	mag_1845_522589.txt-60-22,mag_1836_554364.txt-28-3	1,2,3,4	-
619_record_nn	mag_1859_591206.txt-213-18,mag_2002_421280.txt-35-1	1,2,3,4	-
620_record_nn	news_1988_668892.txt-4-9,fic_1849_7230.txt-1532-38	1,2,3,4	-
621_record_nn	news_1968_726910.txt-21-6,mag_2000_403677.txt-77-3	1,2,3,4	-
622_record_nn	nf_1826_747833.txt-780-2,fic_1860_1171.txt-1939-20	1,2,3,4	-
623_record_nn	mag_2000_403677.txt-77-3,mag_2002_421280.txt-35-1	1,2,3,4	-
624_record_nn	mag_2004_415362.txt-103-15,mag_2002_421280.txt-35-1	1,2,3,4	-
625_record_nn	mag_1987_88962.txt-50-28,mag_1962_311690.txt-9-8	1,2,3,4	-
626_record_nn	fic_1852_2477.txt-1596-30,mag_2007_387692.txt-129-27	1,2,3,4	-
627_record_nn	nf_1847_747756.txt-749-2,mag_2006_112391.txt-44-14	1,2,3,4	-
628_record_nn	mag_1845_565459.txt-399-11,mag_2001_411673.txt-78-21	1,2,3,4	-
629_record_nn	news_1989_668984.txt-52-13,fic_1852_2477.txt-1596-30	1,2,3,4	-
630_record_nn	news_2006_604898.txt-32-11,mag_1962_311690.txt-9-8	1,2,3,4	-
631_record_nn	mag_1851_555704.txt-569-35,nf_1992_773879.txt-884-9	1,2,3,4	-
632_record_nn	fic_1845_7295.txt-6579-25,nf_1849_749269.txt-358-17	1,2,3,4	-
633_record_nn	mag_1986_332059.txt-18-12,mag_1962_311690.txt-9-8	1,2,3,4	-
634_record_nn	mag_1961_205956.txt-13-6,nf_1826_747833.txt-780-2	1,2,3,4	-
635_record_nn	news_1968_726910.txt-21-6,mag_1998_399430.txt-31-10	1,2,3,4	-
636_record_nn	fic_1860_1171.txt-1933-10,nf_1836_748113.txt-721-23	1,2,3,4	-
637_record_nn	news_1973_730777.txt-22-1,mag_1856_556222.txt-23-13	1,2,3,4	-
638_record_nn	news_2006_604898.txt-32-11,fic_1981_14064.txt-702-12	1,2,3,4	-
639_record_nn	mag_1987_88962.txt-50-28,news_1963_723497.txt-47-2	1,2,3,4	-
640_record_nn	mag_1856_556222.txt-19-23,nf_1857_767292.txt-2345-1	1,2,3,4	-
641_record_nn	news_1968_726910.txt-21-6,news_1963_723497.txt-47-2	1,2,3,4	-
642_record_nn	fic_2006_27875.txt-0-48,mag_1992_423150.txt-30-24	1,2,3,4	-
643_record_nn	mag_1979_485611.txt-260-19,mag_2002_421280.txt-35-1	1,2,3,4	-
644_record_nn	mag_2006_112391.txt-44-14,nf_1826_747833.txt-780-2	1,2,3,4	-
645_record_nn	nf_1834_747634.txt-366-9,news_1968_726910.txt-21-6	1,2,3,4	-
646_record_nn	nf_1843_747650.txt-1611-58,mag_1856_556222.txt-23-13	1,2,3,4	-
647_record_nn	fic_1845_7295.txt-6579-25,fic_1835_7353.txt-1855-15	1,2,3,4	-
648_record_nn	fic_1849_7230.txt-1532-38,mag_1859_591206.txt-213-18	1,2,3,4	-
649_record_nn	mag_2004_415362.txt-103-15,news_1963_723497.txt-47-2	1,2,3,4	-
650_record_nn	fic_2006_27875.txt-0-48,nf_1841_772625.txt-1562-5	1,2,3,4	-
651_record_nn	nf_1849_749269.txt-358-17,mag_1960_243020.txt-16-7	1,2,3,4	-
652_record_nn	nf_1992_773879.txt-884-9,nf_1857_767292.txt-2345-1	1,2,3,4	-
653_record_nn	fic_1860_1171.txt-1939-20,mag_1962_311690.txt-9-8	1,2,3,4	-
654_record_nn	news_2006_604898.txt-32-11,mag_1986_332059.txt-18-12	1,2,3,4	-
655_record_nn	fic_1975_10600.txt-4362-31,mag_1856_556222.txt-192-9	1,2,3,4	-
656_record_nn	nf_1841_772625.txt-1562-5,fic_1835_7014.txt-2826-15	1,2,3,4	-
657_record_nn	mag_1856_566665.txt-22-10,news_1997_602155.txt-31-13	1,2,3,4	-
658_record_nn	nf_1857_767292.txt-2345-1,mag_2002_421280.txt-35-1	1,2,3,4	-
659_record_nn	nf_1826_747833.txt-780-2,fic_1849_7230.txt-1532-38	1,2,3,4	-
